21 16 10 9 5 1 13 14 17 22 23 4 20 7 6 2 24 19 15 18 3 26 25 11 12 28 8 27
LXAFVPNB
3 23 14 16 21 2 21 23

  I am p a N  SE 
S1: [ 21 16 6 27 25 11 2 15 7 19 14 10 3 17 12 8 1 26 9 20 23 4 18 13 5 22 24 28 ]
S1: [ 16 28 6 27 25 11 2 15 7 19 14 10 3 17 12 8 1 26 9 20 23 4 18 13 5 22 24 21 ]
S2: [ 21 28 16 6 27 25 11 2 15 7 19 14 10 3 17 12 8 1 26 9 20 23 4 18 13 5 22 24 ]



21 16 10 9 5 1 13 14 17 22 23 4 20 3 6 2 24 19 15 8 18 26 25 11 12 7 27 28
[ 18 5 2 4 15 18 24 14 ]
21 16 10 9 5 1 13 14 17 22 23 4 20 28 6 2 24 19 15 27 18 26 25 11 12 7 8 3
18 5 2 4 15 18 24 14
21 16 10 9 5 1 13 14 17 22 23 4 20 28 6 2 24 19 15 27 18 26 25 11 12 7 8 3
21 26 13 1 18 20 25 24 9 7
21 16 10 9 5 1 13 14 17 22 23 4 20 28 6 2 24 19 15 27 18 26 25 11 12 7 8 3

21 16 10 9 5 1 13 14 17 
21 16 10 9 5 1 13 14 17 22 23 4 20 28 6 2 24 19 15 27 18 26 25 11 12 7 8 3
26 25 11 12 14 3 16 27 4 9 5 1 8 13 23 10 20 7 6 2 17 28 24 19 15 21 18 22



checked:
21 16 ¡§10¡¨ 9 *5 1 2 14 17 22 23 4 +20 =24 ,7 +6 =13  ,19 15 1SE 3 26 25$^% 11 12 28 8 2#$7
21 16 "10" 9 *5 1 2 14 17 22 23 4 +20 =24 ,7 +6 =13  ,19 15 18 3 26 25$^% 11 12 28 8 2#$7
21 16 10 9 5 1 13 14 17 22 23 4 20 7 6 2 24 19 15 18 3 26 25 11 12 28 8 27

21 16 10 9 *5 1 2 14 17 22 23 4 +20 =24 ,7 +6 =13  ,19 15 18 3 26 25$^% 11 12 28 8 2#$7

21 16 10 9 5 1 13 14 17 22 23 4 20 7 6 2 24 19 15 18 27 26 25 11 12 28 8 3

1 12 3 1 23 1 4 1 2 3 1 9 3 1 2 3 6 2 7 1 2 3 1 5 9 2 27 28
 
                   21 16 10 9 5 1 13 14 17 22 23 4 20                   28 6 2 24 19 15 27 18 26 25 11                   12 7 8 3        
1 2 3 4 5 6 7 8 9 10 11 12 13 14 15 16 17 18 19 20 21 22 23 24 25 26 27 28 29 30 31 32 33 34 35 36 37 38 39 40 41 42 43 44 45 46 47 48 
49 50 51 52 53 54 55 56 57 58 59 60 61 62 63 64 65 66 67 68 69 70 71 72 73 74 75 76 77 78 79 80 81 82 83 84 85 86 87 88 89 90 
91 92 93 94 95 96 97 98 99 100 101 102 103 104 105 106 107 108 109 110 111 112 113 114 115 116 117 118 119 120 121 122 123 124 125 126 127 128 

16 3 10 9 5 1 13 14 17 22 23 4 20 7 6 2 24 19 15 21 18 26 25 11 12 28 8 27
21 16 10 16 5 1 13 144 17 22 23 4 20 28 6 2 24 19 15 3 18 26 25 11 12 7 28 39
16 3 10 9 5 1 13 14 17 22 23 27 20 7 6 2 24 19 15 21 18 26 25 11 12 28 8 4
16 3 10 9 5 1 13 14 17 22 23 27 20 7 6 2 24 19 15 21 18 26 25 11 12 8 28 4
21 16 10 9 5 1 13 14 17 22 23 4 20 28 6 2 24 19 15 27 18 26 25 11 12 7 8 3
28 14 17 22 23 4 19 6 26 25 2 15 18 21 7 8 3 24 16 10 9 5 11 12 13 1 20 27
                   21 16 10 9 5 1 13 14 17 22 23 4 20                   28 6 2 24 19 15 27 18 26 25 11                   12 7 8 3                      
21 16 10 9 5 1 13 14 17 22 23 4 20 28 6 2 24 19 15 27 18 26 25 11 12 7 8    28
21 16 10 9 5 1 13 14 33 22    23 4    20 3 6 2 24 19 15 27 18 26 25 11 12 7 8 29
16 10 22 9 5 1 13 14 17 23 4 20 6 2 12 24 19 15 27 18 26 21 25 11 7 8 3 28 
            21 16 10 9 5 1 13 14 17 22 23 4   E   28 6 2 24           19 15 27 18 26 25 11 12 7    8               3
21 16 10 9 5 1 13 14 17 22 23 4 20  6 2 24 19 15 27 18 26 25 11 12 7  28 8 3
21 16 10 9 5 1 13 14 17 22 23 4 ABCDE 28 6 2 24 19 15 27 18 26 25 11 12 7 EASDWE 3
21 16 10 9 5 5 5 14 17 22 23 4 20 28 6 2 24 19 15 27 18 26 25 23 12 7 8 3
21 16 10 9 5 1 13 14 17 22 23 4 29 28 6 2 24 30 15 27 18 26 25 11 12 7 8 3
16 3 10 9 5 1 13 14 17 22 23 4 20 7 6 2 24 19 15 21 18 26 25 11 12 28 8 27
  1 1 3 3 4 5 6 7 8 9 9 10 11 12 12 13 14 17 18 19 20 21 21 22 23 24 25 25
  2 16 10 9 5 1 13 14 17 22 23 4 8 28 6 2 24 19 21 27 23 26 24 23 12 7 28 28 
  21 16 10 9 5 1 13 14 17 22 23 4 20 28 6 2 24 19 21 27 18 26 25 11 12 7 8 3 


Origin:
21 16 10 9 5 1 13 14 17 22 23 4 20 28 6 2 24 19 15 27 18 26 25 11 12 7 8 3


(key:21 16 10 9 5 1 13 14 17 22 23 4 20 28 6 2 24 19 15 27 18 26 25 11 12 7 8 3)
en: "I am testing my program by POON Ngai Kuen"
I	9	21	4	D
A	1	26	1	A
M	13	13	26	Z
T	20	1	21	U
E	5	18	23	W
S	19	20	13	M
T	20	25	19	S
I	9	24	7	G
N	14	9	23	W
G	7	7	14	N
M	13	9	22	V
Y	25	18	17	Q
P	16	2	18	R
R	18	5	23	W
O	15	21	10	J
G	7	14	21	U
R	18	12	4	D
A	1	21	22	V
M	13	10	23	W
B	2	24	26	Z
Y	25	21	20	T
P	16	20	10	J
O	15	16	5	E
O	15	6	21	U
N	14	20	8	H
N	14	20	8	H
G	7	8	15	O
A	1	10	11	K
I	9	4	13	M
K	11	12	23	W
U	21	9	4	D
E	5	15	20	T
N	14	9	23	W

(key:21 16 10 9 5 1 13 14 17 22 23 4 20 28 6 2 24 19 15 27 18 26 25 11 12 7 8 3)
de: "DAZUWMSGWNVQRWJUDVWZTJEUHHOKMWDTW"
D	4	21	9	I
A	1	26	1	A
Z	26	13	13	M
U	21	1	20	T
W	23	18	5	E
M	13	20	19	S
S	19	25	20	T
G	7	24	9	I
W	23	9	14	N
N	14	7	7	G
V	22	9	13	M
Q	17	18	25	Y
R	18	2	16	P
W	23	5	18	R
J	10	21	15	O
U	21	14	7	G
D	4	12	18	R
V	22	21	1	A
W	23	10	13	M
Z	26	24	2	B
T	20	21	25	Y
J	10	20	16	P
E	5	16	15	O
U	21	6	15	O
H	8	20	14	N
H	8	20	14	N
O	15	8	7	G
K	11	10	1	A
M	13	4	9	I
W	23	12	11	K
D	4	9	21	U
T	20	15	5	E
W	23	9	14	N

(key: 16 10 22 9 5 1 13 14 17 23 4 20 6 2 12 24 19 15 27 18 26 21 25 11 7 8 3 28)
en: "I am testing my program"
I       9       1       10      J
A       1       23      24      X
M       13      16      3       C
T       20      5       25      Y
E       5       11      16      P
S       19      24      17      Q
T       20      21      15      O
I       9       22      5       E
N       14      20      8       H
G       7       1       8       H
M       13      14      1       A
Y       25      4       3       C
P       16      13      3       C
R       18      11      3       C
O       15      15      4       D
G       7       19      26      Z
R       18      9       1       A
A       1       12      13      M
M       13      19      6       F

(key: 16 10 22 9 5 1 13 14 17 23 4 20 6 2 12 24 19 15 27 18 26 21 25 11 7 8 3 28)
de: "JXCYPQOEHHACCCDZAMF"
J       10      1       9       I
X       24      23      1       A
C       3       16      13      M
Y       25      5       20      T
P       16      11      5       E
Q       17      24      19      S
O       15      21      20      T
E       5       22      9       I
H       8       20      14      N
H       8       1       7       G
A       1       14      13      M
C       3       4       25      Y
C       3       13      16      P
C       3       11      18      R
D       4       15      15      O
Z       26      19      7       G
A       1       9       18      R
M       13      12      1       A
F       6       19      13      M


YOAPLORCYJ

D	4	21	25	Y
O	15	26	15	O
N	14	13	1	A
O	15	1	16	P
T	20	18	12	L
U	21	20	15	O
S	19	25	18	R
E	5	24	3	C
P	16	9	25	Y
C	3	7	10	J



YOAPLORCYJ
D	4	21	25	Y
O	15	26	15	O
N	14	13	1	A
O	15	1	16	P
T	20	18	12	L
U	21	20	15	O
S	19	25	18	R
E	5	24	3	C
P	16	9	25	Y
C	3	7	10	J

Y	25	21	4	D
O	15	26	15	O
A	1	13	14	N
P	16	1	15	O
L	12	18	20	T
O	15	20	21	U
R	18	25	19	S
C	3	24	5	E
Y	25	9	16	P
J	10	7	3	C

